# Created by Octave 8.4.0, Mon Jul 28 11:15:05 2025 UTC <runner@pkrvmpptgkbjq6m>
# name: task3_results
# type: scalar struct
# ndims: 2
 1 1
# length: 3
# name: TRIAD
# type: scalar struct
# ndims: 2
 1 1
# length: 1
# name: R
# type: matrix
# rows: 3
# columns: 3
 0.23364738552221964 -0.045404228797306191 0.97126070405733667
 0.01062226216424121 0.99896869620596673 0.044144213064286328
 -0.97226337315829481 2.805859916223119e-06 0.23388871970871461




# name: Davenport
# type: scalar struct
# ndims: 2
 1 1
# length: 1
# name: R
# type: matrix
# rows: 3
# columns: 3
 0.23364698709562315 -0.045404228796536793 0.97126079990316116
 0.010622262164331236 0.9989686962059493 0.044144213064659876
 -0.97226346890523907 2.824466244447793e-06 0.23388832169300899




# name: SVD
# type: scalar struct
# ndims: 2
 1 1
# length: 1
# name: R
# type: matrix
# rows: 3
# columns: 3
 0.23165475801589369 -0.04540412773843594 0.97173789587157167
 0.010622262164241199 0.99896869620596673 0.044144213064286231
 -0.97274006838163696 9.5837689666670504e-05 0.23189814613322229






